"V1" "V2" "V3" "V4" "V5" "V6" "V7" "V8" "V9" "V10" "V11" "V12" "V13" "V14" "V15" "V16" "V17" "V18" "V19" "V20" "V21" "V22" "V23" "V24" "V25" "V26" "V27" "V28" "V29" "V30" "V31" "V32" "V33" "V34" "V35" "V36" "V37" "V38" "V39" "V40" "V41" "V42" "V43" "V44" "V45" "V46" "V47" "V48" "V49" "V50"
"1" -100000 -99999.9999999689 -99999.9999999689 -99999.9999999689 -99999.9999999689 -99999.9999999689 -99999.9999999689 -99999.9999999689 -99999.9999999689 -99999.912916634 -99997.0037612053 -99978.0277065181 -99845.1874522406 -99402.2124763007 -98422.1123796261 -97224.445376963 -95914.2231189686 -94785.5672297001 -93874.3450245253 -92882.4193473593 -91969.3626120709 -91441.5075784531 -90885.9765765521 -90385.742042561 -90057.8646105635 -89871.3125894141 -89562.2684663676 -89502.6288239758 -89196.0064403455 -89260.5254510054 -89166.3419756337 -89282.3370042097 -89383.0462729658 -89169.9545479149 -89505.1394384109 -89683.18328993 -89683.606982203 -90217.2806073159 -90461.1234994876 -90719.9539947077 -91113.9215085278 -91265.9292942094 -91682.0911654253 -91931.5105026006 -92463.4866688621 -92464.5477447602 -92658.7430343761 -93286.1426173803 -93581.4042817795 -93721.3270829444
"2" -99999.9999999689 -100000 -99999.9999999689 -99999.9999999689 -99999.9999999689 -99999.9999999689 -99999.9999999689 -99999.9999999689 -99999.9999999689 -99999.9999999689 -99997.3345386932 -99975.8426245963 -99834.0752864405 -99390.2747391131 -98432.9603727761 -97243.0433521871 -95907.2905685253 -94774.5904914585 -93714.3139796786 -92782.9884224072 -91981.2851222358 -91288.8204994271 -90840.575661279 -90295.0830438202 -89764.93929658 -89720.6119685706 -89379.9505320407 -88979.2724208454 -89010.6311933668 -89086.4216519846 -88766.7234333188 -89134.933413591 -89142.3449433545 -89510.7249835071 -89600.5699694051 -89706.3345194256 -89776.9370527125 -90105.2730970627 -90166.3378308476 -90380.6047129783 -90824.4032322271 -91129.2965625577 -91517.8810458964 -91792.6312663768 -91943.7339784436 -92489.9875858628 -93020.7820004033 -93149.710905184 -93618.7123905653 -94040.7585946935
"3" -99999.9999999689 -99999.9999999689 -100000 -99999.9999999689 -99999.9999999689 -99999.9999999689 -99999.9999999689 -99999.9999999689 -99999.7658094674 -99999.9258032955 -99996.3431513307 -99973.3463535262 -99837.4960585771 -99369.3063969252 -98424.7226729046 -97160.7225991807 -95884.4778385677 -94731.0032110903 -93644.5292735413 -92812.7183877571 -91881.9972831189 -91327.3581321657 -90620.84808716 -90103.2596095844 -89792.9852917486 -89619.8956183661 -89250.2164352934 -89170.3706294151 -88932.2406303764 -88705.8257838773 -88807.181481861 -88924.7080061749 -89084.9552080773 -89161.1270122172 -89455.5331406138 -89552.9300431643 -89774.8598895961 -89810.4615092255 -90388.3876086227 -90857.2214347186 -90731.7517982617 -91199.5867864341 -91593.6875706245 -91599.4578862566 -92207.3784422189 -92149.2409430262 -92852.2453461788 -93088.3921583542 -93406.4727746852 -93802.6331481601
"4" -99999.9999999689 -99999.9999999689 -99999.9999999689 -100000 -99999.9999999689 -99999.9999999689 -99999.9999999689 -99999.9999999689 -99999.9999999689 -99999.4678203339 -99997.8313549094 -99972.1756298629 -99846.7770861139 -99379.6859747948 -98378.8811561019 -97115.6095825598 -95787.9207684325 -94630.8848469107 -93601.5267745372 -92666.4085097822 -91913.5822618267 -91161.7549695512 -90648.016108418 -90152.0146221232 -89738.3135624379 -89147.7092356653 -89289.2904790652 -88972.7836426344 -89000.1632077945 -89132.3240179138 -88749.5765536949 -88988.0688597043 -89270.1088796806 -89134.062332522 -89240.5813061058 -89369.1969963099 -89628.073396865 -89729.7040625998 -90025.5262394278 -90288.1244082904 -90765.6173979373 -90988.0224283759 -91554.0448301287 -91573.5768145112 -91975.2723260577 -92377.6327076904 -92869.6526908627 -93023.2898416352 -93195.74486636 -93538.880766666
"5" -99999.9999999689 -99999.9999999689 -99999.9999999689 -99999.9999999689 -100000 -99999.9999999689 -99999.9999999689 -99999.9999999689 -99999.9913230576 -99999.7817750092 -99997.9615420716 -99970.766990361 -99830.3729197112 -99364.4210101506 -98352.7210848537 -97075.3020398394 -95795.1022338269 -94537.6511531451 -93477.6145046867 -92596.9475571867 -91820.353476224 -91020.0979389717 -90617.432172282 -90002.6916253556 -89518.7245730938 -89238.5871673738 -89002.3870679759 -88995.5523115728 -88895.8964923615 -88714.317372138 -88513.2675274291 -88759.2006403391 -88642.9842788106 -89169.8387172368 -89322.3782607848 -89347.9501446388 -89455.151556733 -89698.4218298888 -90209.1287402554 -90351.7622235077 -90614.1351426695 -90815.1298982499 -91501.6520647082 -91623.4180118216 -91929.2601865958 -92232.5108553911 -92437.8582557483 -92864.0641607739 -93438.0644490715 -93463.1833459095
"6" -99999.9999999689 -99999.9999999689 -99999.9999999689 -99999.9999999689 -99999.9999999689 -100000 -99999.9999999689 -99999.9999999689 -99999.9999999689 -99999.7331791262 -99996.8823556232 -99968.6752420218 -99833.5485891509 -99348.9038791958 -98347.2052126183 -97025.7687429363 -95711.8690810499 -94556.1992983322 -93443.5170670844 -92515.1776564529 -91668.414303721 -91152.3856578814 -90445.6069049074 -90019.6223946309 -89584.0832058476 -89119.4274109426 -88991.3468379312 -88988.2629002704 -88601.593748713 -88668.2477868954 -88506.45456758 -88766.7696406967 -88855.2855166922 -88794.7870955141 -89030.6506823979 -89230.8089820215 -89676.1931750081 -89754.5428001832 -90085.2379040218 -90385.747679152 -90363.4365752978 -90688.2593055141 -91143.1753977147 -91518.8598945367 -91797.0655204395 -92231.5096357133 -92704.8994913628 -92651.9924087646 -92970.8244152047 -93582.1695032482
"7" -99999.9999999689 -99999.9999999689 -99999.9999999689 -99999.9999999689 -99999.9999999689 -99999.9999999689 -100000 -100000 -100000 -100000 -99997.2616338808 -99970.102010393 -99827.5321154075 -99341.9778546653 -98266.2937920132 -96927.4114943174 -95540.6737780214 -94389.3422025945 -93344.5286377718 -92429.5382038349 -91873.518793516 -91006.0276446652 -90518.7701655458 -89659.1470541033 -89292.9496803233 -89063.5084674032 -88705.9485972331 -88506.4793842819 -88629.1735531763 -88941.8791327808 -88187.1883753518 -88383.2742934687 -88813.1933490603 -88442.0758883883 -88696.6340016927 -89540.7844085602 -89355.5850454117 -89567.5872095396 -90196.2179785979 -90575.6357803601 -90137.2292579974 -90598.0844023258 -90908.5120570657 -91449.5192493496 -91493.3989365342 -92469.4862792733 -92309.9316629898 -92599.7274461681 -93341.2750059595 -93716.6192337099
"8" -99999.9999999689 -99999.9999999689 -99999.9999999689 -99999.9999999689 -99999.9999999689 -99999.9999999689 -100000 -100000 -100000 -99999.4603781976 -99994.541853527 -99962.8260960915 -99809.856354747 -99319.5587719054 -98294.4043776897 -96932.6991243772 -95468.4150847348 -94393.8456979603 -93271.3718186291 -92536.7570249975 -91461.4413289986 -90528.9948821413 -90138.185638601 -89826.5968957648 -89396.2066837311 -89267.3576772492 -88968.9452075385 -88833.8610498415 -88531.2314581212 -88319.7929229584 -88550.3534457175 -87990.4702735465 -88591.1838320683 -88760.5861925583 -89146.9079910043 -89104.5113921761 -89629.6553247254 -89268.4809585675 -90018.983369619 -90225.0611421874 -90118.1470999441 -91106.0899666886 -91254.6597232931 -91520.1724956032 -91182.6633337661 -92224.8612510514 -92243.6202303053 -92868.5160200362 -93283.3940707157 -93831.1484810465
"9" -99999.9999999689 -99999.9999999689 -99999.7658094674 -99999.9999999689 -99999.9913230576 -99999.9999999689 -100000 -100000 -99999.9980277843 -100000 -99996.6612939015 -99971.020534041 -99821.4519811087 -99287.8063565595 -98270.3550979051 -96874.5231047751 -95456.2415403741 -94434.2131768129 -93337.6913779039 -92370.5779766381 -91467.6829729618 -90920.5069995946 -90348.2204667788 -89556.0798100507 -89277.5826700898 -88950.0252420056 -88917.2285852008 -88787.8563131023 -88324.9450171718 -88763.3338231431 -88162.6890916273 -88629.0010787122 -89036.8680416556 -88670.7034574552 -88911.7319787883 -88339.0173748941 -89452.976997525 -89569.1727895979 -89310.0177017159 -90547.5438907609 -90526.4712830219 -91072.9085302067 -90855.7591617908 -91296.1938740265 -91920.0968808893 -91882.5266139458 -92099.214792622 -92604.7396760996 -93305.0549276182 -93157.166014212
"10" -99999.912916634 -99999.9999999689 -99999.9258032955 -99999.4678203339 -99999.7817750092 -99999.7331791262 -100000 -99999.4603781976 -100000 -99999.9076167124 -99995.1204398741 -99968.3601491733 -99815.9731680104 -99310.6297381985 -98183.0270646258 -96817.7963935427 -95550.3003038265 -94176.6022129795 -93036.1931620746 -92240.9543542443 -91378.0389128077 -90675.3063871016 -90216.6460932701 -89477.5593480177 -89439.850318871 -88993.3482131046 -88838.1949450247 -88490.4163589773 -88502.7395370832 -88238.2569767457 -88141.9997952735 -88624.9686215412 -87972.2792424086 -88870.0804170862 -88568.4327808687 -89033.3794891886 -89321.348134633 -89448.6445500414 -89490.1672085095 -90012.0532875385 -90197.5283104107 -90659.6516605086 -90564.8952906432 -91175.1016876635 -91612.6361366948 -91600.734226688 -92152.4463542197 -92444.8267610139 -93128.0661322743 -93448.2574672599
"11" -99997.0037612053 -99997.3345386932 -99996.3431513307 -99997.8313549094 -99997.9615420716 -99996.8823556232 -99997.2616338808 -99994.541853527 -99996.6612939015 -99995.1204398741 -99997.6080343585 -99968.1133891231 -99800.7414339012 -99251.600357273 -98199.3625575995 -96724.034335711 -95377.1192529703 -94101.7879091365 -92963.5300098555 -92138.2872141184 -91210.0243676678 -90775.7090831064 -90091.6733531638 -89558.7662412764 -89183.3139285671 -88784.1690628139 -88317.1987686081 -88228.7870925594 -88006.1652988054 -88182.659248631 -88455.9478230401 -87948.8661833405 -88170.2630071123 -88312.5273598284 -88787.0336011795 -89161.5757278449 -88575.4791001838 -88755.2343115766 -89629.3691948283 -89786.9697985375 -90267.5743943017 -90267.4755853357 -90565.1366745312 -91689.7306554763 -91458.7325676643 -91695.5722969142 -91773.0617830711 -92769.988496425 -93246.5325018701 -93438.1098262017
"12" -99978.0277065181 -99975.8426245963 -99973.3463535262 -99972.1756298629 -99970.766990361 -99968.6752420218 -99970.102010393 -99962.8260960915 -99971.020534041 -99968.3601491733 -99968.1133891231 -99972.8063203326 -99804.4461758785 -99218.0279645775 -98155.2018584416 -96714.2396869583 -95366.0093706865 -94041.9734096941 -92850.2844992503 -91995.9049449658 -91025.8952116336 -90439.2681569618 -89526.8887734575 -89595.6793682867 -89088.1169451085 -88445.2532180004 -88492.6049956438 -88634.8295784158 -88649.3120528716 -87973.719312679 -88086.3041066161 -88325.4539035706 -88352.8434053404 -88408.3640843035 -88337.9348491618 -89010.1505615257 -89074.6406103357 -88996.2638659836 -89096.7653528243 -89408.9766697338 -90019.8489499871 -90297.7482906725 -90280.8987365781 -91335.686234642 -91703.8247388702 -91533.5473340532 -92039.0421090691 -92159.5683379281 -92860.1340847531 -92886.13257603
"13" -99845.1874522406 -99834.0752864405 -99837.4960585771 -99846.7770861139 -99830.3729197112 -99833.5485891509 -99827.5321154075 -99809.856354747 -99821.4519811087 -99815.9731680104 -99800.7414339012 -99804.4461758785 -99836.3339823023 -99228.1484805029 -98133.6802290767 -96610.4849947813 -95349.2097523077 -94008.1379513473 -93017.9106908934 -91900.6459455577 -91074.8149667286 -90339.5225937793 -89942.8446920714 -89104.2286525374 -88746.6205554675 -88730.2458941724 -88169.5518251818 -88232.4645624246 -88322.7540997995 -87812.4463558546 -87921.8127578728 -88470.5964665711 -87893.1143271632 -88280.3425342173 -88785.9471166835 -88516.9643903037 -88520.3535128357 -89180.4309549322 -89290.9128539628 -89708.4820415411 -90029.7842376671 -90293.2849703975 -90255.3374370686 -90245.8840277247 -91720.2447783695 -91755.9500755013 -91868.1588005215 -92515.291885654 -92545.0529218184 -93529.1315302553
"14" -99402.2124763007 -99390.2747391131 -99369.3063969252 -99379.6859747948 -99364.4210101506 -99348.9038791958 -99341.9778546653 -99319.5587719054 -99287.8063565595 -99310.6297381985 -99251.600357273 -99218.0279645775 -99228.1484805029 -99354.5624538275 -98019.8022230397 -96492.8062581963 -95104.7412897244 -93737.6428668882 -92909.052899569 -91835.3599209173 -91030.1601698108 -90182.5907357908 -89538.1497700577 -89187.4429447936 -89116.2271920656 -88161.383289885 -87689.6094182741 -88555.6545354832 -88213.8916613695 -87215.1412622688 -87736.183073326 -87720.1795883124 -87701.0252123532 -87958.1953093481 -87956.9663409325 -88366.5545631026 -88160.7200216553 -89110.6878373263 -89203.9996569341 -89430.7827497991 -89799.4325974025 -90125.2995378165 -90488.6919703386 -90226.0333609325 -91106.1406439892 -91484.8092001298 -91564.5295062485 -92732.5759046568 -92822.7154580831 -93362.1360570254
"15" -98422.1123796261 -98432.9603727761 -98424.7226729046 -98378.8811561019 -98352.7210848537 -98347.2052126183 -98266.2937920132 -98294.4043776897 -98270.3550979051 -98183.0270646258 -98199.3625575995 -98155.2018584416 -98133.6802290767 -98019.8022230397 -98347.7485550157 -96500.6448600729 -95216.4267401611 -93816.5498878721 -92795.0872535598 -91867.4000202803 -91150.1930059844 -90342.6823427563 -89592.6915760997 -89283.5266460301 -88550.7038236948 -88252.2118959548 -88563.0516908845 -87799.4105559545 -88100.1131863952 -87604.5411926072 -87904.421084742 -87954.2558472228 -87964.5188564775 -87953.882264475 -88558.9855561448 -88493.7490467139 -88934.2604724139 -88639.4570002496 -89433.5587365946 -89486.976745226 -90131.7424502552 -89532.317253592 -90025.5913239925 -91036.4259941165 -91161.8577677225 -91695.336418675 -91220.5907437942 -92046.1934463837 -91811.9889746053 -92628.4357012795
"16" -97224.445376963 -97243.0433521871 -97160.7225991807 -97115.6095825598 -97075.3020398394 -97025.7687429363 -96927.4114943174 -96932.6991243772 -96874.5231047751 -96817.7963935427 -96724.034335711 -96714.2396869583 -96610.4849947813 -96492.8062581963 -96500.6448600729 -96993.5554293226 -95106.2414408507 -93753.8622054936 -92684.3441779833 -91843.8752088449 -90542.2854770575 -90333.1409367571 -89484.9663539509 -89094.6016635835 -88350.7327636266 -88061.7069461779 -88079.2355971225 -88072.1035462256 -88138.5034826573 -87900.5339133675 -88075.6460527011 -87999.1964982556 -87791.6221238021 -88003.9945534166 -88075.1491919468 -88749.7148105709 -88578.5586207509 -88743.9350310971 -88965.7355008809 -89372.0449919023 -89363.6858799233 -89920.0150538112 -90810.4627832668 -90793.7219174276 -91486.5388524471 -91538.1071468356 -91638.5020373317 -92168.0604450329 -92380.3652313615 -92318.3674157818
"17" -95914.2231189686 -95907.2905685253 -95884.4778385677 -95787.9207684325 -95795.1022338269 -95711.8690810499 -95540.6737780214 -95468.4150847348 -95456.2415403741 -95550.3003038265 -95377.1192529703 -95366.0093706865 -95349.2097523077 -95104.7412897244 -95216.4267401611 -95106.2414408507 -95637.4849194516 -93525.4410178517 -92448.4561306448 -91515.8477506064 -90906.5224622515 -89876.1311533592 -89722.5256814858 -89013.0623416145 -88433.2513959302 -88224.0288833321 -87849.167968051 -87749.290847635 -87266.4318080637 -87375.6608742964 -88216.309710091 -87863.2309411832 -87939.4766531051 -87902.9795734042 -88226.6414821272 -88208.5836426402 -88627.0512367497 -88633.3469640937 -89201.5625309854 -88783.3560560822 -89454.6464486063 -89631.180117447 -90171.5217104721 -90303.2253758926 -91144.567427276 -91239.711242056 -91581.9237869792 -92181.291424444 -92310.8708571569 -92697.2762936598
"18" -94785.5672297001 -94774.5904914585 -94731.0032110903 -94630.8848469107 -94537.6511531451 -94556.1992983322 -94389.3422025945 -94393.8456979603 -94434.2131768129 -94176.6022129795 -94101.7879091365 -94041.9734096941 -94008.1379513473 -93737.6428668882 -93816.5498878721 -93753.8622054936 -93525.4410178517 -94399.8493788755 -92288.6504765232 -91423.6065081467 -90506.3420442099 -90130.4850766143 -89378.5916096498 -88514.2713415748 -88811.171710357 -88064.0282578094 -87994.4461071091 -87573.9592351476 -87872.3793455565 -87593.7059614505 -88025.0244620626 -88015.0615602144 -87946.0310362173 -88218.9421271647 -87968.1498048381 -88156.5205477033 -88977.5788671473 -88824.7675615953 -88973.9125176467 -88832.8150738905 -89627.1163172034 -89734.6266355839 -90206.6557290254 -90762.0309581451 -91037.0219469572 -90694.7047449325 -91563.2750984559 -91625.6021928214 -92138.6348628463 -92481.6501184049
"19" -93874.3450245253 -93714.3139796786 -93644.5292735413 -93601.5267745372 -93477.6145046867 -93443.5170670844 -93344.5286377718 -93271.3718186291 -93337.6913779039 -93036.1931620746 -92963.5300098555 -92850.2844992503 -93017.9106908934 -92909.052899569 -92795.0872535598 -92684.3441779833 -92448.4561306448 -92288.6504765232 -93294.5724905671 -91555.9554425315 -90883.0789722545 -89972.0917181165 -89454.1603806201 -88880.190132955 -88264.1405315093 -87855.2903844764 -87863.065721014 -87859.0288153948 -87681.4874500491 -87142.7110023801 -87346.775512702 -87906.1301426001 -87362.5208847984 -87651.8862116931 -87634.2204452002 -88347.0955931066 -88419.5956741848 -88417.1085511718 -88649.1247254174 -89126.4976457289 -89374.5887154315 -89431.5241442943 -90517.4777179369 -90347.1135294666 -90526.9249403111 -90907.5494319693 -91127.6955130219 -91573.831673564 -91459.1758865355 -92555.2646371157
"20" -92882.4193473593 -92782.9884224072 -92812.7183877571 -92666.4085097822 -92596.9475571867 -92515.1776564529 -92429.5382038349 -92536.7570249975 -92370.5779766381 -92240.9543542443 -92138.2872141184 -91995.9049449658 -91900.6459455577 -91835.3599209173 -91867.4000202803 -91843.8752088449 -91515.8477506064 -91423.6065081467 -91555.9554425315 -92368.9546575898 -90441.8674114508 -89930.4073875863 -89396.270381463 -88711.1627553918 -88706.5256316589 -88259.3354143967 -87606.2550092809 -87827.9093926901 -87653.644852322 -87737.9486472309 -87388.8880750323 -87722.3797932264 -87429.926561092 -87611.5248306479 -87989.4928056324 -88152.5056976459 -87934.5187167749 -88553.4960888857 -88957.2056242618 -89277.8745714453 -89370.5126366114 -89926.1987804536 -89534.5147357973 -90094.0993087672 -90174.442353076 -90830.3971024569 -91559.287358825 -90781.3302041015 -91342.082811903 -91403.1801664579
"21" -91969.3626120709 -91981.2851222358 -91881.9972831189 -91913.5822618267 -91820.353476224 -91668.414303721 -91873.518793516 -91461.4413289986 -91467.6829729618 -91378.0389128077 -91210.0243676678 -91025.8952116336 -91074.8149667286 -91030.1601698108 -91150.1930059844 -90542.2854770575 -90906.5224622515 -90506.3420442099 -90883.0789722545 -90441.8674114508 -91585.0035095994 -89423.796035438 -89455.6373499077 -88570.0912023527 -88174.4590083283 -88173.2717983456 -88067.3638244798 -87551.1626694705 -87271.8371340832 -86972.8248369415 -87343.517549354 -87056.9555126351 -87247.0937614738 -87540.8934243785 -87134.9842797875 -87901.6983633472 -87836.5226381877 -88305.2578002731 -89070.503184572 -89078.3201796297 -89110.5325521857 -89057.0018178562 -90034.6777690128 -90189.8947106794 -90908.6100839907 -90236.3393226998 -90683.6465899324 -90976.8660801669 -90807.5906710932 -90727.0397208537
"22" -91441.5075784531 -91288.8204994271 -91327.3581321657 -91161.7549695512 -91020.0979389717 -91152.3856578814 -91006.0276446652 -90528.9948821413 -90920.5069995946 -90675.3063871016 -90775.7090831064 -90439.2681569618 -90339.5225937793 -90182.5907357908 -90342.6823427563 -90333.1409367571 -89876.1311533592 -90130.4850766143 -89972.0917181165 -89930.4073875863 -89423.796035438 -90799.5267199863 -88700.3389484058 -88678.8707702228 -88238.0176974368 -87691.1181810033 -87320.3104511882 -87589.5269779136 -87497.5886479889 -87564.7007345332 -87233.1160919334 -87456.7839265593 -86893.5193822191 -87089.271031883 -87660.5120271366 -88178.6468172782 -88493.6397231566 -88381.5857506764 -88992.2110640049 -88517.6509444295 -89657.8310675429 -89309.5987263223 -89559.5343583258 -89711.3814284838 -89735.312570213 -89385.5435826106 -90441.0088748465 -90040.0333267112 -90645.0398000345 -90258.1006362846
"23" -90885.9765765521 -90840.575661279 -90620.84808716 -90648.016108418 -90617.432172282 -90445.6069049074 -90518.7701655458 -90138.185638601 -90348.2204667788 -90216.6460932701 -90091.6733531638 -89526.8887734575 -89942.8446920714 -89538.1497700577 -89592.6915760997 -89484.9663539509 -89722.5256814858 -89378.5916096498 -89454.1603806201 -89396.270381463 -89455.6373499077 -88700.3389484058 -90099.7073375974 -88675.1040113481 -87873.6037126788 -87859.3408502863 -87272.3633019734 -87517.5318155071 -87402.4137568396 -87028.4407675106 -87228.0468875591 -87556.3934406099 -87277.1995574718 -87122.3457529557 -87579.4692754357 -87493.0533873867 -88051.2542327052 -88728.2793290562 -88737.0323111452 -88628.1612480976 -89228.0444329636 -89339.6987135692 -89567.2554842931 -89578.251369708 -89417.2134266629 -89803.0055797666 -89356.6146744649 -89486.9352029954 -89823.2048732048 -89591.0359827615
"24" -90385.742042561 -90295.0830438202 -90103.2596095844 -90152.0146221232 -90002.6916253556 -90019.6223946309 -89659.1470541033 -89826.5968957648 -89556.0798100507 -89477.5593480177 -89558.7662412764 -89595.6793682867 -89104.2286525374 -89187.4429447936 -89283.5266460301 -89094.6016635835 -89013.0623416145 -88514.2713415748 -88880.190132955 -88711.1627553918 -88570.0912023527 -88678.8707702228 -88675.1040113481 -89708.2036078194 -88025.2727727243 -87954.7044042185 -87539.5615292861 -87294.4169008921 -87042.9519758478 -86577.4643611001 -87039.8617437989 -87127.0647345842 -87161.7629848924 -87593.768917963 -87450.0112311689 -88090.8562597204 -88073.446154737 -88714.1687408935 -88393.3866827973 -88360.1253417595 -88525.0952406768 -88656.9060053971 -88990.4441168103 -89115.9154626507 -89153.6684685289 -89009.9197269946 -88791.52671055 -89219.2594489059 -89240.1329089397 -89533.0887591754
"25" -90057.8646105635 -89764.93929658 -89792.9852917486 -89738.3135624379 -89518.7245730938 -89584.0832058476 -89292.9496803233 -89396.2066837311 -89277.5826700898 -89439.850318871 -89183.3139285671 -89088.1169451085 -88746.6205554675 -89116.2271920656 -88550.7038236948 -88350.7327636266 -88433.2513959302 -88811.171710357 -88264.1405315093 -88706.5256316589 -88174.4590083283 -88238.0176974368 -87873.6037126788 -88025.2727727243 -89289.9401028805 -87152.7647458707 -87265.7884593057 -87040.7432015818 -87070.8552539178 -87341.1301282648 -86943.1871680256 -87139.2963205155 -87195.3013823208 -87384.3059223294 -87794.9383721333 -87604.3952276013 -88151.4877986316 -87700.7765052418 -88281.923071579 -88012.7873244678 -87865.5108761426 -88930.0163946498 -88442.4629764293 -88360.7608593327 -88495.7330394794 -88968.2332373923 -88876.0448306321 -88795.1786921724 -88816.0353377332 -89188.5165212573
"26" -89871.3125894141 -89720.6119685706 -89619.8956183661 -89147.7092356653 -89238.5871673738 -89119.4274109426 -89063.5084674032 -89267.3576772492 -88950.0252420056 -88993.3482131046 -88784.1690628139 -88445.2532180004 -88730.2458941724 -88161.383289885 -88252.2118959548 -88061.7069461779 -88224.0288833321 -88064.0282578094 -87855.2903844764 -88259.3354143967 -88173.2717983456 -87691.1181810033 -87859.3408502863 -87954.7044042185 -87152.7647458707 -88996.257009854 -87107.4646935995 -87153.5285646367 -86861.8595353364 -87330.7292247036 -87289.5280625762 -87376.9861195813 -87377.9877720813 -87346.8194978879 -87063.9368786768 -87536.5197878031 -87665.6617093311 -87484.5970206456 -87876.8569909672 -88263.2559554634 -87931.9331690074 -88146.0856687776 -88500.5011330349 -88006.5322091599 -87861.4602241142 -88674.2027458699 -88843.6416969604 -88617.6821574401 -88714.9149402183 -88993.488667948
"27" -89562.2684663676 -89379.9505320407 -89250.2164352934 -89289.2904790652 -89002.3870679759 -88991.3468379312 -88705.9485972331 -88968.9452075385 -88917.2285852008 -88838.1949450247 -88317.1987686081 -88492.6049956438 -88169.5518251818 -87689.6094182741 -88563.0516908845 -88079.2355971225 -87849.167968051 -87994.4461071091 -87863.065721014 -87606.2550092809 -88067.3638244798 -87320.3104511882 -87272.3633019734 -87539.5615292861 -87265.7884593057 -87107.4646935995 -88711.6216425363 -87439.8809940275 -87382.7675475862 -86909.687694182 -86909.1213548691 -87117.2278989541 -87142.1291738355 -87456.3486444385 -87442.6765089658 -87531.6773459153 -87723.6940148931 -87392.2770852385 -87726.2441649006 -87609.7849508334 -87641.4401132031 -88458.0890796049 -88421.5714268195 -88345.1168654521 -87775.0068261139 -88859.1359351549 -88260.5482989751 -88263.989400597 -88534.6236139442 -88404.3944239252
"28" -89502.6288239758 -88979.2724208454 -89170.3706294151 -88972.7836426344 -88995.5523115728 -88988.2629002704 -88506.4793842819 -88833.8610498415 -88787.8563131023 -88490.4163589773 -88228.7870925594 -88634.8295784158 -88232.4645624246 -88555.6545354832 -87799.4105559545 -88072.1035462256 -87749.290847635 -87573.9592351476 -87859.0288153948 -87827.9093926901 -87551.1626694705 -87589.5269779136 -87517.5318155071 -87294.4169008921 -87040.7432015818 -87153.5285646367 -87439.8809940275 -88575.4906087809 -87045.156861529 -87293.4221619803 -87297.1287368369 -86690.4306016796 -87249.8032423935 -86809.2317272063 -87359.0642352057 -87155.8133312073 -87411.3839736996 -87546.4288654201 -87883.8833702808 -88155.2403124507 -87912.0026723277 -87219.3624738434 -88407.2346204281 -87857.0581424115 -88457.9951673908 -88326.744122661 -88196.7311124266 -88392.2437828763 -88185.3038299324 -88502.296045366
"29" -89196.0064403455 -89010.6311933668 -88932.2406303764 -89000.1632077945 -88895.8964923615 -88601.593748713 -88629.1735531763 -88531.2314581212 -88324.9450171718 -88502.7395370832 -88006.1652988054 -88649.3120528716 -88322.7540997995 -88213.8916613695 -88100.1131863952 -88138.5034826573 -87266.4318080637 -87872.3793455565 -87681.4874500491 -87653.644852322 -87271.8371340832 -87497.5886479889 -87402.4137568396 -87042.9519758478 -87070.8552539178 -86861.8595353364 -87382.7675475862 -87045.156861529 -88509.2494078231 -87166.1438493261 -86879.8584045109 -86473.2988226332 -87314.9863801066 -87006.5902268038 -86938.7035020349 -87107.0418069358 -87218.4839411008 -87089.1327396248 -87099.0935152354 -87484.8547139315 -87557.7869775327 -88219.8036577255 -87726.0306447425 -87840.5768876715 -87070.1742304042 -87903.602631599 -88312.3028948185 -88136.9697779482 -88133.7834590071 -88131.9729795389
"30" -89260.5254510054 -89086.4216519846 -88705.8257838773 -89132.3240179138 -88714.317372138 -88668.2477868954 -88941.8791327808 -88319.7929229584 -88763.3338231431 -88238.2569767457 -88182.659248631 -87973.719312679 -87812.4463558546 -87215.1412622688 -87604.5411926072 -87900.5339133675 -87375.6608742964 -87593.7059614505 -87142.7110023801 -87737.9486472309 -86972.8248369415 -87564.7007345332 -87028.4407675106 -86577.4643611001 -87341.1301282648 -87330.7292247036 -86909.687694182 -87293.4221619803 -87166.1438493261 -88501.0924902877 -86822.7809590413 -87041.6716799084 -87001.5892685373 -86959.7246038278 -87030.4947808413 -87476.3965025549 -87057.5962922568 -87614.7796953584 -87379.6484291248 -87097.2915661396 -87456.9639145475 -87902.7827224725 -87835.6228109424 -87510.9769377687 -88578.50586885 -87668.6630679995 -88194.1683927601 -88625.5976579056 -87695.0838145894 -88368.3056332508
"31" -89166.3419756337 -88766.7234333188 -88807.181481861 -88749.5765536949 -88513.2675274291 -88506.45456758 -88187.1883753518 -88550.3534457175 -88162.6890916273 -88141.9997952735 -88455.9478230401 -88086.3041066161 -87921.8127578728 -87736.183073326 -87904.421084742 -88075.6460527011 -88216.309710091 -88025.0244620626 -87346.775512702 -87388.8880750323 -87343.517549354 -87233.1160919334 -87228.0468875591 -87039.8617437989 -86943.1871680256 -87289.5280625762 -86909.1213548691 -87297.1287368369 -86879.8584045109 -86822.7809590413 -88494.0943656539 -87182.2575424856 -87209.0204584194 -87318.5111263297 -86615.8327705761 -87244.1370043518 -87352.9903066661 -87535.6508093025 -87252.5680828811 -87392.3288468719 -87740.2513666563 -87538.8268547021 -87464.6105115297 -88286.6830192906 -88236.9932154319 -88008.2431875563 -87814.7632186723 -87735.2961036476 -88585.198504049 -88036.5498396572
"32" -89282.3370042097 -89134.933413591 -88924.7080061749 -88988.0688597043 -88759.2006403391 -88766.7696406967 -88383.2742934687 -87990.4702735465 -88629.0010787122 -88624.9686215412 -87948.8661833405 -88325.4539035706 -88470.5964665711 -87720.1795883124 -87954.2558472228 -87999.1964982556 -87863.2309411832 -88015.0615602144 -87906.1301426001 -87722.3797932264 -87056.9555126351 -87456.7839265593 -87556.3934406099 -87127.0647345842 -87139.2963205155 -87376.9861195813 -87117.2278989541 -86690.4306016796 -86473.2988226332 -87041.6716799084 -87182.2575424856 -88610.2769566925 -86768.1791817178 -87107.7185308866 -87233.6387021512 -87387.0749432812 -87150.5449387161 -87934.0575018617 -87838.6096961796 -87679.1354689392 -87911.2052039007 -87541.051953588 -88141.4145275022 -87948.9996768414 -88262.1265520627 -87943.6218854757 -88296.2645541063 -88007.348880919 -87855.9479934298 -88432.7774491018
"33" -89383.0462729658 -89142.3449433545 -89084.9552080773 -89270.1088796806 -88642.9842788106 -88855.2855166922 -88813.1933490603 -88591.1838320683 -89036.8680416556 -87972.2792424086 -88170.2630071123 -88352.8434053404 -87893.1143271632 -87701.0252123532 -87964.5188564775 -87791.6221238021 -87939.4766531051 -87946.0310362173 -87362.5208847984 -87429.926561092 -87247.0937614738 -86893.5193822191 -87277.1995574718 -87161.7629848924 -87195.3013823208 -87377.9877720813 -87142.1291738355 -87249.8032423935 -87314.9863801066 -87001.5892685373 -87209.0204584194 -86768.1791817178 -88723.2187244986 -87277.9858107737 -87011.0865548399 -87157.0404808001 -86804.7778699402 -87126.3849423801 -88265.7033434687 -87001.6732401938 -88066.3272544462 -88626.0518874497 -88121.2841634719 -88157.3691049404 -87950.3688950994 -87792.1821671603 -88372.5219105438 -88323.3628600504 -88249.8219077374 -88232.8278402885
"34" -89169.9545479149 -89510.7249835071 -89161.1270122172 -89134.062332522 -89169.8387172368 -88794.7870955141 -88442.0758883883 -88760.5861925583 -88670.7034574552 -88870.0804170862 -88312.5273598284 -88408.3640843035 -88280.3425342173 -87958.1953093481 -87953.882264475 -88003.9945534166 -87902.9795734042 -88218.9421271647 -87651.8862116931 -87611.5248306479 -87540.8934243785 -87089.271031883 -87122.3457529557 -87593.768917963 -87384.3059223294 -87346.8194978879 -87456.3486444385 -86809.2317272063 -87006.5902268038 -86959.7246038278 -87318.5111263297 -87107.7185308866 -87277.9858107737 -88818.1688995562 -87175.0991858522 -87903.40169839 -87449.3815116348 -87768.2865376799 -87534.1435109874 -88068.9190695923 -87843.4548581442 -88250.9168230332 -87854.8334972918 -88456.7871642585 -88222.4622030704 -88463.7292378821 -88501.485550971 -88262.7565123978 -88609.8802909966 -88263.9842111514
"35" -89505.1394384109 -89600.5699694051 -89455.5331406138 -89240.5813061058 -89322.3782607848 -89030.6506823979 -88696.6340016927 -89146.9079910043 -88911.7319787883 -88568.4327808687 -88787.0336011795 -88337.9348491618 -88785.9471166835 -87956.9663409325 -88558.9855561448 -88075.1491919468 -88226.6414821272 -87968.1498048381 -87634.2204452002 -87989.4928056324 -87134.9842797875 -87660.5120271366 -87579.4692754357 -87450.0112311689 -87794.9383721333 -87063.9368786768 -87442.6765089658 -87359.0642352057 -86938.7035020349 -87030.4947808413 -86615.8327705761 -87233.6387021512 -87011.0865548399 -87175.0991858522 -88947.2736415454 -87286.774152973 -87567.2227413259 -88119.8868281658 -87870.5973179938 -87682.9846222259 -87596.8721650311 -88185.9710050752 -88539.5101048173 -88511.010274732 -88160.6420469749 -87822.9935099701 -88412.3053674268 -88211.6952164072 -88545.6055727737 -88690.8710231008
"36" -89683.18328993 -89706.3345194256 -89552.9300431643 -89369.1969963099 -89347.9501446388 -89230.8089820215 -89540.7844085602 -89104.5113921761 -88339.0173748941 -89033.3794891886 -89161.5757278449 -89010.1505615257 -88516.9643903037 -88366.5545631026 -88493.7490467139 -88749.7148105709 -88208.5836426402 -88156.5205477033 -88347.0955931066 -88152.5056976459 -87901.6983633472 -88178.6468172782 -87493.0533873867 -88090.8562597204 -87604.3952276013 -87536.5197878031 -87531.6773459153 -87155.8133312073 -87107.0418069358 -87476.3965025549 -87244.1370043518 -87387.0749432812 -87157.0404808001 -87903.40169839 -87286.774152973 -89249.7663507562 -87334.6792875607 -88020.7839830434 -87785.8022170769 -87926.319617288 -88214.0601950028 -87607.6040838124 -87952.7662378514 -88430.2480340039 -88340.762925255 -88199.5583027118 -88450.7675694797 -88399.8775485225 -88817.2640410864 -89555.092135297
"37" -89683.606982203 -89776.9370527125 -89774.8598895961 -89628.073396865 -89455.151556733 -89676.1931750081 -89355.5850454117 -89629.6553247254 -89452.976997525 -89321.348134633 -88575.4791001838 -89074.6406103357 -88520.3535128357 -88160.7200216553 -88934.2604724139 -88578.5586207509 -88627.0512367497 -88977.5788671473 -88419.5956741848 -87934.5187167749 -87836.5226381877 -88493.6397231566 -88051.2542327052 -88073.446154737 -88151.4877986316 -87665.6617093311 -87723.6940148931 -87411.3839736996 -87218.4839411008 -87057.5962922568 -87352.9903066661 -87150.5449387161 -86804.7778699402 -87449.3815116348 -87567.2227413259 -87334.6792875607 -89428.6417443355 -88023.1822120204 -87695.3509172715 -88649.9741147948 -88616.6468842147 -88534.6658944721 -88527.1776705248 -88689.5480493808 -88735.7692579202 -88560.700392104 -88997.4894097791 -88729.7529814155 -89180.4015601308 -89287.855895839
"38" -90217.2806073159 -90105.2730970627 -89810.4615092255 -89729.7040625998 -89698.4218298888 -89754.5428001832 -89567.5872095396 -89268.4809585675 -89569.1727895979 -89448.6445500414 -88755.2343115766 -88996.2638659836 -89180.4309549322 -89110.6878373263 -88639.4570002496 -88743.9350310971 -88633.3469640937 -88824.7675615953 -88417.1085511718 -88553.4960888857 -88305.2578002731 -88381.5857506764 -88728.2793290562 -88714.1687408935 -87700.7765052418 -87484.5970206456 -87392.2770852385 -87546.4288654201 -87089.1327396248 -87614.7796953584 -87535.6508093025 -87934.0575018617 -87126.3849423801 -87768.2865376799 -88119.8868281658 -88020.7839830434 -88023.1822120204 -89657.6342177522 -88642.6674453344 -88084.4823702337 -88668.1510394983 -87945.2547820575 -88573.09162194 -88543.771263967 -88251.7960025224 -88745.7773887577 -88687.7212893691 -88966.3143441319 -89353.2901363315 -89477.7971681248
"39" -90461.1234994876 -90166.3378308476 -90388.3876086227 -90025.5262394278 -90209.1287402554 -90085.2379040218 -90196.2179785979 -90018.983369619 -89310.0177017159 -89490.1672085095 -89629.3691948283 -89096.7653528243 -89290.9128539628 -89203.9996569341 -89433.5587365946 -88965.7355008809 -89201.5625309854 -88973.9125176467 -88649.1247254174 -88957.2056242618 -89070.503184572 -88992.2110640049 -88737.0323111452 -88393.3866827973 -88281.923071579 -87876.8569909672 -87726.2441649006 -87883.8833702808 -87099.0935152354 -87379.6484291248 -87252.5680828811 -87838.6096961796 -88265.7033434687 -87534.1435109874 -87870.5973179938 -87785.8022170769 -87695.3509172715 -88642.6674453344 -90185.5477837149 -88221.429797943 -88586.3007988246 -88967.7074992482 -88451.9516112 -89245.9908077105 -88745.0360067207 -88727.1319929468 -88987.608101343 -89495.2607145783 -89276.7926166127 -89774.1035081425
"40" -90719.9539947077 -90380.6047129783 -90857.2214347186 -90288.1244082904 -90351.7622235077 -90385.747679152 -90575.6357803601 -90225.0611421874 -90547.5438907609 -90012.0532875385 -89786.9697985375 -89408.9766697338 -89708.4820415411 -89430.7827497991 -89486.976745226 -89372.0449919023 -88783.3560560822 -88832.8150738905 -89126.4976457289 -89277.8745714453 -89078.3201796297 -88517.6509444295 -88628.1612480976 -88360.1253417595 -88012.7873244678 -88263.2559554634 -87609.7849508334 -88155.2403124507 -87484.8547139315 -87097.2915661396 -87392.3288468719 -87679.1354689392 -87001.6732401938 -88068.9190695923 -87682.9846222259 -87926.319617288 -88649.9741147948 -88084.4823702337 -88221.429797943 -90491.2528421886 -89358.6437012686 -89082.2068375353 -88967.4904929499 -89730.4608165568 -88942.8448467675 -89346.1701141556 -89798.749939652 -89761.0595512147 -89750.2793304066 -89815.5814547545
"41" -91113.9215085278 -90824.4032322271 -90731.7517982617 -90765.6173979373 -90614.1351426695 -90363.4365752978 -90137.2292579974 -90118.1470999441 -90526.4712830219 -90197.5283104107 -90267.5743943017 -90019.8489499871 -90029.7842376671 -89799.4325974025 -90131.7424502552 -89363.6858799233 -89454.6464486063 -89627.1163172034 -89374.5887154315 -89370.5126366114 -89110.5325521857 -89657.8310675429 -89228.0444329636 -88525.0952406768 -87865.5108761426 -87931.9331690074 -87641.4401132031 -87912.0026723277 -87557.7869775327 -87456.9639145475 -87740.2513666563 -87911.2052039007 -88066.3272544462 -87843.4548581442 -87596.8721650311 -88214.0601950028 -88616.6468842147 -88668.1510394983 -88586.3007988246 -89358.6437012686 -90815.308354134 -89145.4181305562 -89354.8118798889 -89577.4726257392 -89285.499429228 -89790.1245637483 -89616.9075420456 -89512.9644925808 -89843.8791843989 -89978.7288171249
"42" -91265.9292942094 -91129.2965625577 -91199.5867864341 -90988.0224283759 -90815.1298982499 -90688.2593055141 -90598.0844023258 -91106.0899666886 -91072.9085302067 -90659.6516605086 -90267.4755853357 -90297.7482906725 -90293.2849703975 -90125.2995378165 -89532.317253592 -89920.0150538112 -89631.180117447 -89734.6266355839 -89431.5241442943 -89926.1987804536 -89057.0018178562 -89309.5987263223 -89339.6987135692 -88656.9060053971 -88930.0163946498 -88146.0856687776 -88458.0890796049 -87219.3624738434 -88219.8036577255 -87902.7827224725 -87538.8268547021 -87541.051953588 -88626.0518874497 -88250.9168230332 -88185.9710050752 -87607.6040838124 -88534.6658944721 -87945.2547820575 -88967.7074992482 -89082.2068375353 -89145.4181305562 -90727.4221892118 -89623.0995594016 -89685.3473376175 -89590.0137553248 -89569.6450473947 -89648.0416342641 -89735.5854681508 -90370.0081825528 -90302.6540443139
"43" -91682.0911654253 -91517.8810458964 -91593.6875706245 -91554.0448301287 -91501.6520647082 -91143.1753977147 -90908.5120570657 -91254.6597232931 -90855.7591617908 -90564.8952906432 -90565.1366745312 -90280.8987365781 -90255.3374370686 -90488.6919703386 -90025.5913239925 -90810.4627832668 -90171.5217104721 -90206.6557290254 -90517.4777179369 -89534.5147357973 -90034.6777690128 -89559.5343583258 -89567.2554842931 -88990.4441168103 -88442.4629764293 -88500.5011330349 -88421.5714268195 -88407.2346204281 -87726.0306447425 -87835.6228109424 -87464.6105115297 -88141.4145275022 -88121.2841634719 -87854.8334972918 -88539.5101048173 -87952.7662378514 -88527.1776705248 -88573.09162194 -88451.9516112 -88967.4904929499 -89354.8118798889 -89623.0995594016 -91336.5671649329 -89643.3790066096 -90206.9584370396 -90459.3839313001 -90108.9271172347 -90452.2648662863 -90187.695545554 -90095.2063856904
"44" -91931.5105026006 -91792.6312663768 -91599.4578862566 -91573.5768145112 -91623.4180118216 -91518.8598945367 -91449.5192493496 -91520.1724956032 -91296.1938740265 -91175.1016876635 -91689.7306554763 -91335.686234642 -90245.8840277247 -90226.0333609325 -91036.4259941165 -90793.7219174276 -90303.2253758926 -90762.0309581451 -90347.1135294666 -90094.0993087672 -90189.8947106794 -89711.3814284838 -89578.251369708 -89115.9154626507 -88360.7608593327 -88006.5322091599 -88345.1168654521 -87857.0581424115 -87840.5768876715 -87510.9769377687 -88286.6830192906 -87948.9996768414 -88157.3691049404 -88456.7871642585 -88511.010274732 -88430.2480340039 -88689.5480493808 -88543.771263967 -89245.9908077105 -89730.4608165568 -89577.4726257392 -89685.3473376175 -89643.3790066096 -91766.9477289416 -90114.769763913 -90517.6329286383 -90591.8251196962 -90497.5490828138 -90832.1852256483 -90358.816801059
